-0.510168
0.325560
-0.418784
0.291388
-0.402702
0.271167
-0.367129
0.355270
-0.112024
0.349070
0.148513
0.340589
0.403454
0.336985
0.527958
0.217154
0.505336
0.183422
0.265015
0.197474
0.014152
0.210603
-0.035430
0.187890
-0.004329
0.159397
0.162845
0.174301
0.241630
0.158464
0.294889
0.143937
0.366932
0.092232
0.401724
0.045747
0.418778
-0.091697
0.406331
-0.133083
0.381342
-0.179526
0.337071
-0.219388
0.281827
-0.245351
0.238893
-0.259592
0.025117
-0.246719
-0.006815
-0.368575
-0.130543
-0.378866
-0.146752
-0.317157
-0.145455
-0.036996
-0.205384
0.019508
-0.254008
0.039160
-0.338801
0.041079
-0.385514
0.011828
-0.408676
-0.070137
-0.370633
-0.121181
-0.333046
-0.141162
-0.277470
-0.159848
-0.240408
-0.184756
-0.343452
-0.288804
-0.405019
-0.277961
-0.449961
-0.262104
-0.495424
-0.241243
-0.547273
0.070368
-0.490355
0.108183
-0.446034
0.128950
-0.274822
0.149005
-0.188525
0.133082
-0.155334
0.157955
-0.323499
0.175802
-0.394861
0.186712
-0.007787
-0.000745
-0.000817
-0.010298
-0.009780
-0.009755
-0.004922
-0.000328
-0.009293
-0.009322
0.006960
-0.004254
0.009683
-0.007277
-0.006087
-0.004297
0.000153
-0.000003
-0.000259
-0.000533
0.004094
0.005946
0.006111
-0.009621
-0.000388
0.008694
-0.000574
-0.000594
-0.005171
-0.007251
-0.009453
0.006395
-0.000133
-0.000193
-0.006843
-0.007653
-0.004741
0.004693
-0.008158
-0.006777
-0.004546
0.000289
0.005289
0.007191
0.008935
-0.008073
0.004986
-0.008395
-0.007252
0.000570
0.279681
0.199468
0.189217
0.240261
0.161487
0.249491
0.441282
0.508377
0.481447
0.260733
0.064007
0.012926
0.003504
0.141325
0.200336
0.239500
0.292790
0.317353
0.344425
0.337326
0.326301
0.303480
0.271353
0.249058
0.126955
0.240342
0.253763
0.198713
-0.049414
-0.013616
0.037664
0.124350
0.174293
0.211020
0.194110
0.170292
0.134965
0.122203
0.264215
0.297477
0.319258
0.341584
0.328808
0.275058
0.229999
0.077185
-0.008379
-0.016133
0.085760
0.129751
-0.000007
0.000000
0.000000
0.000000
-0.000001
-0.000000
0.000000
