197 225
196 226
187 226
186 227
171 227
170 228
153 228
152 229
142 229
141 230
128 230
127 231
117 231
116 232
102 232
101 233
86 233
85 234
68 234
67 235
61 235
60 236
42 236
41 237
24 237
23 238
21 238
21 239
18 242
18 248
19 249
19 251
20 252
20 258
21 259
21 261
22 262
23 262
24 263
32 263
33 262
46 262
47 261
61 261
62 260
80 260
81 259
85 259
86 258
102 258
103 257
108 257
111 260
111 262
112 263
112 266
110 268
109 267
108 267
107 266
103 266
102 265
100 265
99 264
82 264
81 265
79 265
78 266
72 266
71 267
69 267
68 268
66 268
65 269
63 269
62 270
61 270
60 271
59 271
57 273
56 273
47 282
47 283
45 285
45 286
44 287
44 289
43 290
43 292
42 293
42 311
43 312
43 314
44 315
44 317
45 318
45 319
46 320
46 321
49 324
49 325
50 325
52 327
52 328
53 329
54 329
57 332
58 332
60 334
61 334
62 335
63 335
65 337
67 337
69 339
71 339
72 340
74 340
75 341
78 341
79 342
103 342
104 341
110 341
112 339
114 339
115 338
116 338
119 341
119 346
120 347
120 357
121 358
121 359
122 359
123 360
143 360
143 359
145 357
145 343
143 341
144 340
144 319
143 318
143 303
144 302
144 300
145 299
145 298
147 296
147 295
153 289
154 289
155 288
156 288
157 287
158 287
159 286
161 286
162 285
166 285
167 284
175 284
176 285
180 285
181 286
182 286
188 292
188 293
189 294
189 297
190 298
190 299
189 300
189 301
188 302
188 303
187 304
187 305
182 310
181 310
180 311
179 311
177 313
175 313
174 314
173 314
172 315
169 315
168 316
165 316
163 318
162 318
162 335
163 336
163 337
164 337
165 338
176 338
177 337
180 337
181 336
186 336
187 335
188 335
189 334
191 334
192 333
193 333
194 332
195 332
196 331
197 331
198 330
199 330
200 329
201 329
203 327
204 327
211 320
211 276
205 270
203 270
201 268
200 268
199 267
198 267
197 266
196 266
195 265
194 265
193 264
192 264
191 263
190 263
189 262
187 262
186 261
179 261
178 260
162 260
161 261
154 261
153 262
151 262
150 263
147 263
146 264
145 264
144 265
142 265
140 263
140 257
141 256
142 256
143 255
145 255
146 254
164 254
165 253
171 253
172 252
176 252
177 251
191 251
192 250
205 250
206 249
211 249
211 225
